--------  --------  ---------  ---  ---  -  --------  --------  ---------
156.211    17.292   2154.44      1    1  1  156.261    17.3845  2333.02
 55.3471   19.5961   328.662     1    1  2   55.8822   18.9937   645.065
 47.9325   20.9377   772.807     2    1  2   47.5522   20.9768  1138.14
184.281    16.8198  3176.28      2    2  1  184.368    16.8001  3430.18
 80.0773   17.862   1574.77      3    3  1   80.1614   17.7411  1585.39
 21.2796   33.7935   183.71      3    2  2   21.9527   33.6106   298.308
105.375    21.9478  1711.88      4    4  1   51.9201   20.0158  4949.69
 14.8702   36.825     68.2748    4    3  2   79.0655   35.194     76.5471
 79.2119   34.4055    32.5908    5    2  2   14.0578   36.6801   153.671
 75.8722   24.0902  2168.97      5    5  1  105.477    21.9612  1851.95
 52.5211   19.9027  5094.33      6    3  1   75.789    24.1509  2271.8
 34.6361   60.0094   480.881     6    4  2   34.0052   60.0552   777.569
 41.3268   63.0486   421.496     7    4  2   41.8789   63.143    732.475
128.618    25.0934  1842.53      7    6  1  128.508    25.0875  1966.74
189.756    64.0491   104.449     8    5  2  189.043    63.8835   206.979
232.777    25.7825  3275.25      8    7  1  232.705    25.7109  3528.14
196.648    65.7866   159.929     9    5  2  197.266    65.8616   294.378
219.852    27.7563  3512.63      9    8  1  219.818    27.6674  3765.52
140.383    81.762     77.1814   10    6  2  139.386    81.3717   174.434
 17.7933   35.273   4443.99     10    9  1   17.7175   35.3588  4616.11
146.647    84.5134   129.617    11    6  2  147.982    84.1689   215.021
 84.777    34.9984  2795.89     11   10  1   84.6892   35.0239  3006.82
 15.9584  101.974    168.965    12    7  2   15.7054  101.288    360.993
172.811    36.7137  3346.33     12   11  1  172.77     36.6159  3613.6
 28.3565  104.063    138.308    13    7  2   29.1642  104.245    351.795
211.224    39.1143  1296.57     13   12  1  211.306    39.1304  1436.71
 21.5908  107.404    662.21     14    7  2   21.3979  107.992   1198.36
149.69     40.3304  4020.27     14   13  1  149.598    40.4335  4364.26
 58.8538  151.227    283.615    15    8  2   58.4553  151.297    449.197
188.248    42.2581  1919.94     15   14  1  188.327    42.2972  2070.77
 38.8985   48.6976  2235.58     16   15  1   38.8938   48.5448  2393.91
 65.2917  153.398    -12.2073   16    8  2   48.4828  132.234    199.958
 71.5111  154.404     58.7184   17    8  2   77.4506  162.896   -105.413
 68.0691   52.9441  2666.41     17   16  1   68.0678   52.9333  2895.56
226.324   215.356     12.0866   18    9  2  226.071   215.269     44.1386
175.152    57.2873   810.071    18   17  1  175.081    57.378    865.259
132.131    58.8942  2920.29     19   18  1  132.175    58.8517  3155.71
107.99    218.818    163.734    19   10  2  107.611   218.568    261.296
112.596   224.836     83.392    20   10  2  113.525   224.932    155.929
199.967    60.4117  3283.24     20   19  1  199.977    60.5162  3294.75
 25.7614   61.8481  4236.89     21   20  1   38.0192   61.5005  5320.06
158.364    62.1802  1658.01     22   21  1   25.69     61.7407  4312.38
114.776    66.3259  2078.85     23   22  1  158.442    62.2088  1629.25
 69.012    68.104   3139.09     24   23  1  231.719    63.1842  1213.92
 37.9535   61.3961  5495.35     25   19  1  193.208    64.4208  4818.56
 26.6717   69.099   3657.9      26   24  1  114.674    66.4829  2265.11
165.005    66.3567  3623.22     27   22  1  165.051    66.5108  3819.02
146.611    70.1803  2591.64     28   25  1   69.0069   68.129   3389.34
231.787    63.1304  1132.76     29   21  1   26.6011   69.2049  3630.54
239.092    70.917   2800.28     30   26  1  146.434    70.2678  2796.55
214.879    73.7443  3517.45     31   27  1  239.135    70.8986  3008.74
 44.4887   75.0018  3327.18     32   28  1  214.819    73.6386  3825.55
 37.9225   76.3899  3333.12     33   29  1   44.4206   75.015   3233.73
 22.6728   77.2572  4139.79     34   29  1   37.7475   76.5295  3175.5
193.143    64.3009  4797.87     35   21  1   22.583    77.3537  4429.19
190.059    76.8474  4081.51     36   30  1  190.083    76.8004  4413.55
108.186    78.2067  4361.3      37   31  1  108.2      78.2599  4354.12
224.183    78.8618  2874.67     38   32  1  205.645    77.9496   766.276
205.709    77.9087   721.226    39   31  1  115.344    78.7086  3525.57
 97.154    82.3664  1359.81     40   33  1  224.223    78.8143  3117.38
143.303    83.0514  3970.74     41   34  1   97.1866   82.4797  1470.1
107.984    86.2247  1144.79     42   35  1  143.447    83.0872  4116.69
115.13     78.7383  3711.61     43   31  1  107.967    86.4571  1079.19
135.711    88.2594  4283.27     44   35  1  135.605    88.3563  4597.71
182.856    89.1805  4656.93     45   36  1  182.8      89.2647  5011.55
 23.2416   91.2854  2869.1      46   37  1   23.2341   91.3371  2768.43
 31.0287   90.6193  2217.21     47   37  1   31.115    90.5228  2150.09
124.368    93.7061  6669.1      48   38  1   70.1463   90.4226  1956.27
196.934    94.2369  1796.37     49   39  1   87.9732   90.9834  1610.01
119.612    96.5276  5272.21     50   40  1  120.818    91.1336  2447.02
 99.9644   98.3229  2874.63     51   41  1  100.959    94.2123  1988.76
 27.0302   97.7456  3266.24     52   40  1  124.606    93.7021  5037.28
224.849    98.8025  4438.95     53   42  1  196.946    94.2927  1951.79
 83.2726   96.7229   546.456    54   39  1   83.46     96.8111   486.578
164.945    97.5957  4642.2      55   40  1  119.456    96.7287  3656.62
 70.0781   90.5871  1801.58     56   37  1   27.023    97.6422  2847.42
 34.245    99.5998  2178.39     57   43  1  164.946    97.4585  5007.59
211.646    99.2998  1707.48     58   41  1   99.8195   98.7271  2015.24
 17.6473  103.377   2967.83     59   44  1  211.506    99.3752  1846.68
 25.9187  105.316   5874.99     60   45  1  224.763    98.747   4813.1
 87.9754   90.9966  1535.41     61   37  1   34.404    99.4995  2179.99
121.916    92.0989  6794.42     62   37  1   18.4072  104.07    2870.4
100.833    94.6616  2865.34     63   37  1   25.7028  105.536   5652.92
 44.8539  107.022   1881.08     64   46  1   44.8182  107.088   2016.66
 81.7451  107.692   2834.27     65   47  1   81.6771  107.563   3074.35
 35.042   109.761    818.323    66   48  1   35.0938  109.601    825.52
 92.6691  110.248   2159.17     67   49  1   92.5638  110.361   2345.58
112.185   110.875    857.54     68   50  1  112.274   110.895    919.787
162.277   110.765   3035.67     69   51  1  162.374   110.659   3256.59
230.774   114.924   2792.63     70   52  1  230.707   114.916   3033.46
 21.7455  115.639   4096.03     71   53  1   21.6634  115.487   4401.03
 62.7366  118.168   2650.37     72   54  1   62.6332  118.195   2873.74
146.355   117.686   2171.45     73   55  1  146.504   117.546   2318.91
128.637   120.171   1158.43     74   56  1  128.485   120.216   1252.4
 83.7107  121.33    2022.18     75   57  1   83.5725  121.467   2182.42
 33.8003  123.75    4047.96     76   58  1   33.726   123.692   4390.62
209.901   124.272   2847.21     77   59  1  209.873   124.384   3049.69
100.043   126.02    3676.35     78   60  1  100.054   126.042   3979.85
144.688   128.087   2732.71     79   61  1  144.593   128.132   2946.19
 79.0042  130.085   4306.84     80   62  1   79.0109  130.117   4640.73
 43.8402  133.206   3456.27     81   63  1   43.7597  133.299   3757.51
214.899   136.982   3383.58     82   64  1  214.866   136.958   3642.34
205.591   137.724   1317.25     83   64  1  205.412   137.616   1382.07
184.098   140.389   2679.64     84   65  1  184.186   140.535   2868.86
 56.7656  141.304   3693.18     85   66  1   56.668   141.399   3990.73
193.362   142.339   3273.43     86   67  1  193.472   142.437   3527.44
171.962   143.182   2473.7      87   68  1  171.936   143.27    2671.46
114.133   144.116   1940.67     88   69  1  114.192   144.146   2083.41
237.671   146.033   4174.14     89   70  1  237.558   146.038   4522.97
 91.6672  147.698   1288.45     90   71  1   91.4909  147.629   1392.46
164.096   151.068   4332.36     91   72  1  164.123   151.043   4478.07
 68.64    154.234   5253.12     92   73  1   62.5383  152.609   4628.48
175.022   156.088   2384.79     93   73  1   68.6615  154.3     4613.99
 69.2449  163.225   2829.59     94   74  1  175.063   156.076   2544.14
 63.0577  152.815   5535.04     95   72  1  165.695   158.189   2434.35
165.739   158.001   2635.21     96   73  1   69.3505  163.335   3007.97
157.697   162.934   3877.02     97   75  1  157.565   162.898   4181.64
187.275   164.025   3532.19     98   76  1  187.38    164.034   3829.33
137.14    167.231   2109.98     99   77  1  136.917   167.231   1918.71
216.353   170.153   4395.2     100   78  1  111.434   167.588   3348.49
111.312   167.702   3099.14    101   77  1  142.161   168.517    901.021
 57.9031  171.347   2934.65    102   79  1  216.468   170.208   4724.42
161.82    174.278   4053.36    103   80  1   57.8674  171.447   3150.6
137.733   174.869   1137.73    104   81  1  161.765   174.373   4357.53
141.969   168.308   1508.83    105   77  1  137.677   174.928   1079.41
190.971   177.66    1674.27    106   82  1  190.913   177.545   1791.31
123.831   182.101    837.6     107   83  1  123.73    182.132    904.639
221.316   183.215   3553.31    108   84  1  221.389   183.26    3790.3
196.996   189.13    2165.55    109   85  1  139.544   185.092   4561.34
221.466   189.379   1240.14    110   86  1  196.932   189.118   2274.02
139.652   185.07    4218.98    111   84  1  221.581   190.177    588.118
 97.9553  198.837   2699.24    112   87  1   86.1496  190.79    1193.02
 86.0871  190.833   1092.29    113   86  1  197.786   197.876   2770.59
 43.1924  200.154   3114.1     114   88  1  235.822   197.273    678.219
119.87    199.857   2761.58    115   89  1   97.9335  198.785   2909.53
194.938   205.248   2058.78    116   90  1   43.2791  200.197   3354.32
 95.7967  210.625   4355.18    117   91  1  119.846   199.794   3017.4
197.817   197.935   2646.25    118   86  1  194.919   205.379   2043.22
 46.9742  208.055   1684.99    119   90  1   47.098   208.015   1502.79
 41.0336  212.076   2617.07    120   92  1  158.112   209.379   4998.19
235.565   197.479    637.361   121   86  1  202.542   209.646   3871.18
121.949   213.746   2636.14    122   93  1   95.7212  210.497   4705.03
158.087   209.293   4616.95    123   90  1   40.9568  212.006   2433.04
 43.2764  218.596   2581.51    124   94  1  121.946   213.636   2850.25
202.648   209.737   3618.93    125   90  1   43.4121  218.561   2512.81
176.799   219.488   1297.48    126   95  1  176.758   219.397   1068.07
110.854   221.892   3934.97    127   96  1   58.7719  219.771   1945.05
208.371   223.811   3476.05    128   97  1  110.754   221.808   4093.43
176.573   224.547   1284.99    129   98  1  226.604   221.64    3958.19
 62.0812  225.988   3277.53    130   99  1  208.495   223.76    3784.09
 58.8878  219.983   2146.64    131   95  1  176.411   224.943    994.204
223.888   228.137   1581.47    132  100  1  198.545   224.832   3818.51
226.692   221.73    3760.64    133   96  1   62.1378  226.046   3371.88
198.418   224.879   3539.58    134   98  1  223.795   228.452   1324.99
237.43    227.959   4332.63    135  101  1  237.824   227.733   3304.08
 37.5027  229.451   3898.35    136  102  1   17.3598  228.889   1851.89
234.5     229.301   4277.69    137  103  1   37.4131  229.602   3659.11
 17.2899  228.899   1718.54    138  101  1  233.556   229.613   2521.49
 31.0942  230.878   4469.41    139  103  1   30.9762  230.88    4248.03
 52.2059  233.811   4650.7     140  104  1   52.2809  233.754   5014.41
149.78    237.154   1581.07    141  105  1  149.769   237.19    1699.14
--------  --------  ---------  ---  ---  -  --------  --------  ---------